% # columns="iteration, evaluation, sigma, axis ratio, bestever, best, median, worst objective function value, interquartile range, further/more values", seed=875244, Sat Nov 22 14:48:53 2025, <python>{}</python>
1 28 0.09970064390853363 1.0000499850048943 -343.4598062565629 -3.4345980625656290e+02 311.38930358607433 820.3379224278024 405.39776015422865   
2 56 0.09941270534343077 1.0000499850048943 -439.0083314388751 -4.3900833143887508e+02 271.14856313435644 723.7465839859394 262.31178606939574   
3 84 0.0991337254959805 1.0000499850048943 -439.0083314388751 -3.1138527902020843e+02 263.32736533374725 764.2496098356838 245.3277495763726   
4 112 0.09886267746572201 1.0000499850048943 -599.9824150196408 -5.9998241501964083e+02 295.8617421547778 627.5547352782611 228.50468574735868   
5 140 0.09859911009616691 1.0000499850048943 -599.9824150196408 -3.6898944470515073e+02 242.91095525332005 634.2871064208549 339.63071009277934   
6 168 0.09834152233854032 1.0000499850048943 -813.2265470058607 -8.1322654700586065e+02 192.95798028654352 772.4103114340207 395.4784643417371   
7 196 0.098089695645959 1.0000499850048943 -1298.798979480349 -1.2987989794803491e+03 192.05043087418053 818.186331116526 339.7664248441955   
8 224 0.09784318019941837 1.0000499850048943 -1652.8748513455034 -1.6528748513455034e+03 -22.55686599854323 708.8596122510318 526.06333090305   
9 252 0.09760123765265817 1.0000499850048943 -1704.7503498731176 -1.7047503498731176e+03 -20.926955096174197 468.536293348592 572.5551722787186   
10 280 0.0973635986653547 1.0000499850048943 -1704.7503498731176 -1.5618665945820474e+03 35.514486195236834 667.0466639177585 440.71460648736576   
11 308 0.09713025796490361 1.0000499850048943 -1704.7503498731176 -1.2665037355618265e+03 180.39808795203825 1379.850812337198 681.8490669038943   
12 336 0.09690113618866258 1.0000499850048943 -1876.1872843800377 -1.8761872843800377e+03 -177.4918411364145 620.4899716693255 1056.9965254737012   
13 364 0.09667585598798005 1.0000499850048943 -2330.109759993213 -2.3301097599932132e+03 -770.6012033121174 761.4940720277095 1275.1714802159786   
14 392 0.09645438119373194 1.0000499850048943 -2330.109759993213 -2.1148694745445296e+03 -59.92057774355716 1043.082363824199 1397.0465460782088   
15 420 0.096236685520776 1.0000499850048943 -2330.109759993213 -2.0775477286964801e+03 -784.8306962564163 367.9806180363917 1245.3904397887277   
16 448 0.09602225073321634 1.0000499850048943 -2575.228589869167 -2.5752285898691671e+03 -1141.7082631169355 669.8723777601581 1302.4954601993222   
17 476 0.09581121123581358 1.0000499850048943 -2863.0218783516725 -2.8630218783516725e+03 -1192.5404815484644 579.4073345624092 1333.4620190318797   
18 504 0.09560277743106817 1.0000499850048943 -3162.4867446045687 -3.1624867446045687e+03 -1461.7249144659754 383.9570210735407 1133.4784743061564   
19 532 0.09539804344178937 1.0000499850048943 -3377.547774554191 -3.3775477745541912e+03 -747.151318322665 556.8672814606327 1527.6808973991424   
20 560 0.0951968773906798 1.0000499850048943 -3377.547774554191 -3.1016308701831063e+03 -1578.6004818806357 632.7540468934218 1732.8812386793206   
21 588 0.09499777552994818 1.0000499850048943 -3426.714672143987 -3.4267146721439872e+03 -1735.0196412242233 527.8799085777472 1251.7018517986849   
22 616 0.09480148364465973 1.0009743316170048 -3426.714672143987 -2.9447820591668283e+03 -1801.8668054630039 428.85435158108123 1339.9349421578686   
23 644 0.09460790380574205 1.0009743316170048 -3426.714672143987 -3.3981315859303468e+03 -2021.7615286542411 318.1880789590532 695.6076014969146   
24 672 0.0944168494111776 1.0009743316170048 -3426.714672143987 -2.9995139106835277e+03 -2096.9514930058085 -138.90594160968777 946.0844168734227   
25 700 0.09422868535264428 1.0009743316170048 -3426.714672143987 -3.1115023055853994e+03 -1875.6396228517137 494.6567851311409 1587.752063790331   
26 728 0.09404306779388928 1.0009743316170048 -3426.714672143987 -2.9569262032442753e+03 -1555.1698350865063 531.773571529902 1498.03627445452   
27 756 0.09386031697619135 1.0009743316170048 -3426.714672143987 -3.0826613848471711e+03 -2195.744652363181 -878.0473817215181 912.2206746700408   
28 784 0.09368008344281416 1.0009743316170048 -3426.714672143987 -3.2803475092060417e+03 -2252.187872303561 506.7611012441023 893.0124322625038   
29 812 0.09350199810250633 1.0009743316170048 -3426.714672143987 -2.9890727773473200e+03 -2402.0513890833085 332.94520651579387 507.49817413656774   
30 840 0.09332604052681168 1.0009743316170048 -3686.7871316871597 -3.6867871316871597e+03 -2203.90585663316 442.5927910818186 1267.8890388505474   
31 868 0.09315268615857909 1.0009743316170048 -3686.7871316871597 -3.4101363400164819e+03 -2500.0914242565013 453.2415038942776 723.2544845859225   
32 896 0.09298108246254937 1.0009743316170048 -4069.3942309431577 -4.0693942309431577e+03 -2604.206779699758 -992.8787642962156 945.4972991780937   
33 924 0.09281205367077534 1.0009743316170048 -4069.3942309431577 -3.6829567446237656e+03 -2487.655885131169 -621.1893628996258 1300.0229523001442   
34 952 0.09264538748214297 1.0009743316170048 -4069.3942309431577 -3.7238496595096913e+03 -3100.2933256812494 -1970.2075184582836 605.1030895541157   
35 980 0.09248143717342797 1.0009743316170048 -4069.3942309431577 -3.6988476468518161e+03 -2911.729812247088 -1733.0210545518175 894.8002619037597   
36 1008 0.09231945666297539 1.0009743316170048 -4069.3942309431577 -3.5299344376970839e+03 -3033.7978971928223 -910.1550983239631 476.9263416719846   
37 1036 0.09215903469880268 1.0009743316170048 -4107.113235791295 -4.1071132357912948e+03 -2792.7054607127507 -1644.926624089737 843.657751430077   
38 1064 0.09200040605457326 1.0009743316170048 -4107.113235791295 -3.4605663680053285e+03 -2904.334853620997 -323.9776483738698 567.7648479519476   
39 1092 0.09184396139537002 1.0009743316170048 -4107.113235791295 -3.5820559169836638e+03 -2928.868123939732 -179.48249752489272 658.5850856963152   
40 1120 0.09168927331059114 1.0009743316170048 -4107.113235791295 -3.7758123334808238e+03 -2651.117399679802 167.55358563661275 924.1565123313976   
41 1148 0.09153608087455709 1.0009743316170048 -4107.113235791295 -3.6761331225557738e+03 -2967.4139889754993 213.78960887989876 785.5277426246926   
42 1176 0.09138503294219812 1.0009743316170048 -4107.113235791295 -3.9590915764205188e+03 -2806.353732807673 -52.45915059926128 478.5237772685932   
43 1204 0.09123596309376952 1.0014009902237262 -4107.113235791295 -3.7985674504477092e+03 -2941.347758077202 -673.6483142837266 518.2447549647741   
44 1232 0.09108873339484143 1.0014009902237262 -4107.113235791295 -3.6481366701572465e+03 -3134.7051688371175 511.13297730043854 459.4276494957667   
45 1260 0.09094323355638274 1.0014009902237262 -4107.113235791295 -3.7207802928541587e+03 -3014.422533919065 -1393.612362986428 574.1531939547694   
46 1288 0.09080012911148798 1.0014009902237262 -4107.113235791295 -3.9869234611831243e+03 -2983.887401806329 -191.02448567672855 651.6909434170157   
47 1316 0.09065818022275329 1.0014009902237262 -4107.113235791295 -3.8837024414587918e+03 -3106.9138476439066 53.96467179127278 455.52481680578876   
48 1344 0.09051736821923467 1.0014009902237262 -4107.113235791295 -3.9875127422543405e+03 -2708.1668560357066 346.8938359236158 576.4333178618308   
49 1372 0.09037709788705418 1.0014009902237262 -4107.113235791295 -4.0149004139459371e+03 -2994.3213346147795 488.50189932330886 806.3949332816373   
50 1400 0.09023805263668444 1.0014009902237262 -4107.113235791295 -3.7047702115818192e+03 -2875.953983224162 -1205.9714635822295 470.56457499833186   
51 1428 0.09010060134698862 1.0014009902237262 -4107.113235791295 -3.6309655238995879e+03 -2833.18688217333 -2081.6676694304033 633.5925247210512   
52 1456 0.08996483604113267 1.0014009902237262 -4107.113235791295 -3.8315127085570739e+03 -2885.022714005716 431.5216292574373 596.4730604041551   
53 1484 0.08983023983923466 1.0014009902237262 -4107.113235791295 -3.4172680333201502e+03 -3048.1897884992795 -157.25531663519905 508.8958124558885   
54 1512 0.08969724974869521 1.0014009902237262 -4107.113235791295 -3.6077097221457898e+03 -3199.83590192016 -391.4822300908959 373.10876443156167   
55 1540 0.0895654949092277 1.0014009902237262 -4107.113235791295 -3.6749529576153727e+03 -3292.1489225307923 -481.7591031710397 305.6746989865969   
56 1568 0.08943466445126781 1.0014009902237262 -4107.113235791295 -3.7825289850375048e+03 -3251.3790657873255 -2558.6994384051795 267.0626562065454   
57 1596 0.08930467116436507 1.0014009902237262 -4107.113235791295 -3.7230210087149858e+03 -3132.773873025802 -443.58769220291003 468.08730725438545   
58 1624 0.08917600268902968 1.0014009902237262 -4107.113235791295 -3.7096189219627986e+03 -3049.761337516249 183.88465144763623 564.2376815988637   
59 1652 0.0890482610335777 1.0014009902237262 -4107.113235791295 -3.6872706515897326e+03 -2915.663687645229 -390.0807223207544 690.5205178408191   
60 1680 0.0889220533103312 1.0014009902237262 -4107.113235791295 -3.7854794155229251e+03 -3257.643994183403 195.04060779178528 283.0189692582221   
61 1708 0.0887969354410756 1.0014009902237262 -4107.113235791295 -3.8286587700304776e+03 -3219.6760663921723 -994.88125121957 295.6319140700175   
62 1736 0.08867311176045513 1.0014009902237262 -4107.113235791295 -3.6217503857253319e+03 -3143.280286402501 302.8053794183339 314.30900161466525   
63 1764 0.08855055716380598 1.0014009902237262 -4107.113235791295 -3.6140201434190417e+03 -3022.5523240078332 268.1534588298747 510.5478474314059   
64 1792 0.08842900587554064 1.0021158091702334 -4107.113235791295 -3.6566453610008102e+03 -3036.5915645256073 -2439.211596242458 504.57954036177944   
65 1820 0.08830844907199395 1.0021158091702334 -4107.113235791295 -3.5063953115917179e+03 -3251.897822406817 -2349.848101490568 356.0078311358725   
66 1848 0.08818947133900297 1.0021158091702334 -4107.113235791295 -3.5761774555390111e+03 -3216.613296345281 -1675.1988352720875 458.5788890359181   
67 1876 0.08807174611559995 1.0021158091702334 -4107.113235791295 -3.8235140819447661e+03 -3119.973338139815 37.75009820666244 645.7235923582007   
68 1904 0.08795523396134967 1.0021158091702334 -4107.113235791295 -3.6620695618844079e+03 -3221.146689315799 -232.26501184776362 278.35932023787336   
69 1932 0.08783941429254001 1.0021158091702334 -4107.113235791295 -3.5630217237898519e+03 -3022.807294492904 -268.1916221614801 628.6106665520429   
70 1960 0.08772454176108922 1.0021158091702334 -4107.113235791295 -3.5176561569988003e+03 -3184.0650777203005 85.24393936464628 339.7674273355551   
71 1988 0.08761056908036312 1.0021158091702334 -4107.113235791295 -3.4893990231524585e+03 -3022.641659654145 227.36055562959635 382.6614645575728   
72 2016 0.08749785255290839 1.0021158091702334 -4107.113235791295 -3.6126067447754722e+03 -3125.9322137655313 44.51239252814342 339.25288514287286   
73 2044 0.08738650697199946 1.0021158091702334 -4107.113235791295 -3.4502381077231057e+03 -3269.203427312989 329.2497107579555 199.08810588424603   
74 2072 0.08727678986627332 1.0021158091702334 -4107.113235791295 -3.6731598372768985e+03 -3173.708554373415 487.62438814832274 182.88481557059185   
75 2100 0.08716808751087787 1.0021158091702334 -4107.113235791295 -3.6588003242544646e+03 -3232.316239878306 744.0493331309204 483.37979853119714   
76 2128 0.08706035326983479 1.0021158091702334 -4107.113235791295 -3.6454648789587040e+03 -3157.671790412919 514.2816150562975 619.6877595760552   
77 2156 0.08695342469175037 1.0021158091702334 -4107.113235791295 -3.7334333736848812e+03 -3125.071853278719 333.8377505049043 417.6656316548965   
78 2184 0.0868478997824482 1.0021158091702334 -4107.113235791295 -3.8889269317337071e+03 -3217.9780326125283 -1270.630612416549 476.39056134165503   
79 2212 0.08674373377040832 1.0021158091702334 -4107.113235791295 -3.6618631552379693e+03 -3025.181503034454 -417.92381384933003 576.1640284259101   
80 2240 0.08664036118248085 1.0021158091702334 -4107.113235791295 -3.7451431912527091e+03 -2913.2577294856073 567.1721847689965 607.7197153955576   
81 2268 0.08653823429697843 1.0021158091702334 -4107.113235791295 -4.0030482762447505e+03 -2963.9744959225372 145.5826230893029 685.4254116283528   
82 2296 0.0864376005688684 1.0021158091702334 -4107.113235791295 -3.8915708416005073e+03 -3109.0017138489884 59.05242591039521 555.561920384127   
83 2324 0.08633816907044242 1.0021158091702334 -4107.113235791295 -3.7865492949083127e+03 -2918.1151959577173 121.36183179169839 664.8277964585509   
84 2352 0.08623911062422722 1.0021158091702334 -4107.113235791295 -3.9428102832832656e+03 -3119.0487681270456 308.52586251016135 728.6834512498826   
85 2380 0.08614051108949176 1.0030541005577716 -4107.113235791295 -3.5987787286294802e+03 -2983.922976775744 -414.5577468199795 775.6693146686052   
86 2408 0.08604247730654438 1.0030541005577716 -4107.113235791295 -3.5960710489017770e+03 -3061.312300716404 929.0545396652766 578.2176088645615   
87 2436 0.08594562218945115 1.0030541005577716 -4107.113235791295 -3.6000931456909248e+03 -3000.8083598612548 635.3630118837365 1338.4748817677976   
88 2464 0.08584919786258084 1.0030541005577716 -4107.113235791295 -4.0581823933005326e+03 -3039.05263837829 -391.22083849367345 436.7751882199573   
89 2492 0.08575299683949456 1.0030541005577716 -4107.113235791295 -3.8836070495818690e+03 -2963.7041862440906 -678.1683498637709 611.0406956317947   
90 2520 0.08565666060945543 1.0030541005577716 -4107.113235791295 -3.6673783021848858e+03 -2882.716708989325 450.4657769294208 703.318737992965   
91 2548 0.0855610566604627 1.0030541005577716 -4107.113235791295 -3.7955815542770188e+03 -3179.406513455129 -476.35437804953506 596.880071449114   
92 2576 0.08546607989124323 1.0030541005577716 -4107.113235791295 -3.8424765538284073e+03 -3053.0433102205884 238.9821198421469 584.2508083521598   
93 2604 0.08537190477113439 1.0030541005577716 -4165.5954650509575 -4.1655954650509575e+03 -3171.1774946334485 322.8310590322253 743.0564699108431   
94 2632 0.08527901698478442 1.0030541005577716 -4165.5954650509575 -3.7436823974114745e+03 -3151.9956048261893 332.4959296034719 657.4634391402933   
95 2660 0.0851866173748023 1.0030541005577716 -4165.5954650509575 -3.8136581019903433e+03 -3199.137702751908 -225.5265846186755 577.8450562605385   
96 2688 0.08509564837020711 1.0030541005577716 -4165.5954650509575 -3.6048735684592039e+03 -2905.755835679537 467.29629750285204 2913.402157966977   
97 2716 0.0850045965400276 1.0030541005577716 -4165.5954650509575 -3.5804823640171089e+03 -3145.0166247584116 159.06085658967098 575.7451140811377   
98 2744 0.08491395108617054 1.0030541005577716 -4165.5954650509575 -3.6360152676362386e+03 -3316.130550367234 481.0000218304394 450.92389892602296   
99 2772 0.0848237902467636 1.0030541005577716 -4165.5954650509575 -3.7964991651999039e+03 -3263.2412164061243 303.56823724123416 425.8308622793488   
100 2800 0.08473425556177482 1.0030541005577716 -4165.5954650509575 -3.5408408381552199e+03 -3205.1068411475017 -414.34566367382996 648.2938481433293   
101 2828 0.08464573977910221 1.0030541005577716 -4165.5954650509575 -3.7602810497450105e+03 -3087.459708615428 192.79942034958685 731.1320386307311   
102 2856 0.08455798132784556 1.0030541005577716 -4165.5954650509575 -3.6773625292835854e+03 -3314.661790799177 -124.85334769149368 1101.8456853662256   
103 2884 0.08447048450292331 1.0030541005577716 -4165.5954650509575 -3.8871218217040532e+03 -3295.7163317557774 -119.21062482050648 294.68780987332957   
104 2912 0.08438342024011176 1.0030541005577716 -4165.5954650509575 -3.6748666863853427e+03 -3099.3785086146786 -266.1893477507569 584.4056096163454   
105 2940 0.08429752103712643 1.0030541005577716 -4165.5954650509575 -3.8527055715225724e+03 -2810.329828839655 130.81476592412747 2873.592524087549   
106 2968 0.0842123866726159 1.0042050379149392 -4165.5954650509575 -3.5697147919825352e+03 -3240.5481327434354 79.4645068853093 2394.6873136650693   
107 2996 0.08412782891092725 1.0042050379149392 -4165.5954650509575 -3.5948600358630674e+03 -3322.834285294505 -1627.672152063596 219.74625535563382   
108 3024 0.08404367584259356 1.0042050379149392 -4165.5954650509575 -3.7882520993551984e+03 -3280.756403159957 546.1327039583475 354.8192545036936   
109 3052 0.08396034916757426 1.0042050379149392 -4165.5954650509575 -3.7055822446093898e+03 -3304.508915206162 -43.78870613725679 277.8235600877938   
110 3080 0.08387749311204454 1.0042050379149392 -4165.5954650509575 -3.5781077501119894e+03 -3353.893833256734 -1072.3634487301454 219.17613984243872   
111 3108 0.08379506327782392 1.0042050379149392 -4165.5954650509575 -3.6860134917772616e+03 -3273.4099817161527 -45.45025746653249 430.59288613289664   
112 3136 0.08371346655620676 1.0042050379149392 -4165.5954650509575 -3.6639236887757161e+03 -3248.4278982824912 794.7019640457919 353.8829906876722   
113 3164 0.08363175465598457 1.0042050379149392 -4165.5954650509575 -3.6359340376859327e+03 -3351.044757467695 -224.70127694117375 449.8117977634406   
114 3192 0.08355062582598616 1.0042050379149392 -4165.5954650509575 -3.9652709878247738e+03 -3306.7429795240782 583.7316862541635 891.5830633270339   
115 3220 0.08347081677895052 1.0042050379149392 -4165.5954650509575 -3.5576782484450241e+03 -3269.5927658889195 511.547536703962 438.797859522188   
116 3248 0.08339169853644664 1.0042050379149392 -4165.5954650509575 -3.5191220685634971e+03 -3217.325111798173 84.88464728366826 481.3195523117074   
117 3276 0.08331362563353377 1.0042050379149392 -4165.5954650509575 -3.6467760894806775e+03 -3435.3193258149017 -600.579028333357 272.901248444457   
118 3304 0.08323590531036618 1.0042050379149392 -4165.5954650509575 -3.5594626283361908e+03 -3102.5351980222745 210.25815107393421 1591.8748519178348   
119 3332 0.08315888035446352 1.0042050379149392 -4165.5954650509575 -3.6148436874999866e+03 -3312.4821941556 194.17399264658252 286.23755988623043   
120 3360 0.08308277985118093 1.0042050379149392 -4165.5954650509575 -3.6194887641512832e+03 -3058.222738596269 341.8322137400056 1890.2954979764588   
121 3388 0.08300729784549801 1.0042050379149392 -4165.5954650509575 -3.5858001529208277e+03 -3387.827971231351 661.3669364933762 184.32876959256055   
122 3416 0.08293281590297662 1.0042050379149392 -4165.5954650509575 -3.7148564361046615e+03 -3324.569328413628 430.9229191329213 333.4803032947443   
123 3444 0.08285883810071273 1.0042050379149392 -4165.5954650509575 -3.6580510946789959e+03 -3302.4749015346974 94.82830587614274 335.44604771442846   
124 3472 0.08278538133923209 1.0042050379149392 -4165.5954650509575 -3.6747673942016495e+03 -3293.883697012846 510.8166767647196 540.0926123569052   
125 3500 0.08271290310131307 1.0042050379149392 -4165.5954650509575 -3.7017696120816508e+03 -3181.776051973989 444.2398251306356 658.4192454836411   
126 3528 0.08264052260997352 1.0042050379149392 -4165.5954650509575 -3.6135042529085899e+03 -3316.494329737855 -2506.636429221066 259.55192319114394   
127 3556 0.08256871821401068 1.0055193514845013 -4165.5954650509575 -3.6304835242448321e+03 -2997.4912770847714 397.6080981166736 915.3112247638132   
128 3584 0.08249755506350202 1.0055193514845013 -4165.5954650509575 -3.7119751792505090e+03 -3228.62277515956 471.8299753743201 368.3226395337838   
129 3612 0.0824270809663943 1.0055193514845013 -4165.5954650509575 -3.6953454341548240e+03 -3342.1316393055263 -1002.0262267886936 351.6682973558163   
130 3640 0.08235715681553596 1.0055193514845013 -4165.5954650509575 -3.6982484916302028e+03 -3307.570651282613 684.1764099571972 709.1015446266842   
131 3668 0.08228812582501044 1.0055193514845013 -4165.5954650509575 -3.6814146190975866e+03 -3277.3041577541803 205.63013653982273 605.4767823246298   
132 3696 0.08221924965540624 1.0055193514845013 -4165.5954650509575 -3.8122658213690979e+03 -3367.9308351691334 213.1184706715499 395.72926927205026   
133 3724 0.08215058560069405 1.0055193514845013 -4165.5954650509575 -3.8666991497494637e+03 -3324.978697081996 576.8536845704126 517.1643795617856   
134 3752 0.08208290323960128 1.0055193514845013 -4165.5954650509575 -3.6721809172045923e+03 -3307.7909187955947 429.1228213307998 608.7126822788632   
135 3780 0.08201597546159138 1.0055193514845013 -4165.5954650509575 -3.8313157531618931e+03 -3370.696719886338 706.4163173668047 583.0412259181358   
136 3808 0.08194925846211694 1.0055193514845013 -4165.5954650509575 -3.7114126808597862e+03 -3413.16206960445 301.72546836173757 282.88314578592735   
137 3836 0.08188311984535711 1.0055193514845013 -4165.5954650509575 -3.9233362379598925e+03 -3467.2914053027057 370.6730276152401 463.1746859051441   
138 3864 0.08181706620218414 1.0055193514845013 -4165.5954650509575 -3.8110626169599714e+03 -3505.903146559029 -136.99533621054675 391.9200796537866   
139 3892 0.08175135625709073 1.0055193514845013 -4165.5954650509575 -3.8694983110161602e+03 -3483.688303054471 322.16377721681516 418.9740861628852   
140 3920 0.08168573403730994 1.0055193514845013 -4165.5954650509575 -3.8831793037390858e+03 -3460.0225603975455 -530.7571788242698 278.5569243669597   
141 3948 0.08162100071838108 1.0055193514845013 -4165.5954650509575 -3.7491465371170689e+03 -3498.6844237851415 547.5539128128611 325.773490433206   
142 3976 0.08155674441334376 1.0055193514845013 -4165.5954650509575 -3.9296782424709636e+03 -3601.650448029796 368.6255143509254 243.03169933396202   
143 4004 0.08149256001102692 1.0055193514845013 -4165.5954650509575 -3.7642770489554209e+03 -3454.07507310703 -1211.7755351754602 498.4534344642984   
144 4032 0.08142939374674678 1.0055193514845013 -4165.5954650509575 -3.9766045733978685e+03 -3313.768154847529 523.3009000688459 766.0317175053806   
145 4060 0.08136681641460945 1.0055193514845013 -4165.5954650509575 -3.8850948861427964e+03 -3562.0892679040526 -2601.322510376348 499.1865244246683   
146 4088 0.0813045957905182 1.0055193514845013 -4165.5954650509575 -4.0200740181532396e+03 -3486.954734328641 -176.54553517749656 418.01625380121595   
147 4116 0.0812420857562518 1.0055193514845013 -4165.5954650509575 -3.9986202857413341e+03 -3528.6203648848686 -416.4022617813583 525.8679938078703   
148 4144 0.08118017751715335 1.0070088332474307 -4165.5954650509575 -4.0019351839520732e+03 -3584.899164854067 774.3157900113911 435.75642734517805   
149 4172 0.08111888680658699 1.0070088332474307 -4165.5954650509575 -3.8552710312048107e+03 -3494.8934419937186 -2163.9461320627356 337.7321367714685   
150 4200 0.08105807804090573 1.0070088332474307 -4165.5954650509575 -3.9922763076024985e+03 -3454.1621442250116 524.265730253293 400.20472165081264   
151 4228 0.08099818112602926 1.0070088332474307 -4165.5954650509575 -3.9439914620146651e+03 -3258.172686728954 62.61078600316891 1477.8303964406223   
152 4256 0.0809391241496301 1.0070088332474307 -4165.5954650509575 -3.9296922896013029e+03 -3459.576832104152 385.2986495176213 336.727229023561   
153 4284 0.080880328418549 1.0070088332474307 -4165.5954650509575 -3.8246243960013080e+03 -3548.5404082464397 379.17303046578263 240.828608149111   
154 4312 0.08082237102295345 1.0070088332474307 -4165.5954650509575 -3.9510001712945668e+03 -3569.6868351510843 512.19611576883 765.1722238737539   
155 4340 0.08076512458190924 1.0070088332474307 -4165.5954650509575 -3.9158255458480421e+03 -3496.396741849623 -450.7732006761528 664.8254252948336   
156 4368 0.08070787777731558 1.0070088332474307 -4165.5954650509575 -3.9489409212824430e+03 -3192.519711757229 -538.9753293662307 590.5835150537032   
157 4396 0.08065059058127581 1.0070088332474307 -4165.5954650509575 -3.8555669705374303e+03 -3413.031789597403 -1852.501837690525 467.8540162588106   
158 4424 0.08059386254304977 1.0070088332474307 -4165.5954650509575 -4.0287768800049953e+03 -3483.6042975174187 436.12775867442457 723.7993652246823   
159 4452 0.08053765438105938 1.0070088332474307 -4165.5954650509575 -3.7911165567792286e+03 -3358.7631578720675 531.8035986640544 640.8307005968536   
160 4480 0.08048189912356683 1.0070088332474307 -4165.5954650509575 -3.7918627480801406e+03 -3546.569813049348 459.75840925041774 255.1015151865572   
161 4508 0.08042648182119334 1.0070088332474307 -4165.5954650509575 -3.9188588980023087e+03 -3389.173581130158 649.577057407915 1556.4171545766644   
162 4536 0.08037094769053797 1.0070088332474307 -4165.5954650509575 -3.9546056476379208e+03 -3356.2881934523025 531.8249046327937 393.3238204345007   
163 4564 0.08031570709232534 1.0070088332474307 -4165.5954650509575 -3.7166766841128629e+03 -3432.4473090987103 530.2962858050687 516.699992832644   
164 4592 0.08026133203737867 1.0070088332474307 -4165.5954650509575 -3.9094337871735079e+03 -3443.209617088526 549.4713084517971 381.25347036221547   
165 4620 0.08020763774364943 1.0070088332474307 -4165.5954650509575 -3.8107187613721821e+03 -3324.9059217954027 532.6623585432556 707.8892083722999   
166 4648 0.08015404037636138 1.0070088332474307 -4165.5954650509575 -3.8639538638159042e+03 -3331.200589655961 371.69483031625947 642.321774637825   
167 4676 0.08010040711338877 1.0070088332474307 -4165.5954650509575 -3.9039038248749039e+03 -3431.4472092932156 687.1549461173872 615.2913659277624   
168 4704 0.08004741923053216 1.0070088332474307 -4165.5954650509575 -3.8259563994900145e+03 -3494.1763160043133 -657.4627417711023 606.04549011972   
169 4732 0.07999522577256324 1.0086855836279238 -4165.5954650509575 -3.7933535138536690e+03 -3425.6186518701575 -390.4977149227588 386.2869726186832   
170 4760 0.07994330998072471 1.0086855836279238 -4165.5954650509575 -3.8274533513167321e+03 -3502.2343530761063 -1721.8798560237813 253.72968640973613   
171 4788 0.07989104303847895 1.0086855836279238 -4165.5954650509575 -4.0098625557652599e+03 -3309.5080071268058 -571.3661417560861 368.36880341652113   
172 4816 0.07983897304929286 1.0086855836279238 -4165.5954650509575 -3.8109784880400439e+03 -3524.776359056214 -43.96599756394716 361.0833741151737   
173 4844 0.07978734368558607 1.0086855836279238 -4165.5954650509575 -3.9877196374776995e+03 -3446.8427808473684 -1032.2055161298397 274.9614020999693   
174 4872 0.07973567961713617 1.0086855836279238 -4165.5954650509575 -3.8734460663275595e+03 -3585.8611870417094 -2241.920010384528 405.4318791926762   
175 4900 0.07968327270750858 1.0086855836279238 -4165.5954650509575 -3.8949929418382671e+03 -3578.4958876479845 -219.04003392437474 295.41681194334615   
176 4928 0.0796307870592503 1.0086855836279238 -4165.5954650509575 -3.7037485372770857e+03 -3473.59193119001 -3050.162356211095 233.20749884020415   
177 4956 0.07957876924845614 1.0086855836279238 -4165.5954650509575 -3.8380001110257440e+03 -3421.7893276718464 523.7281835783159 298.5355220493734   
178 4984 0.07952685708022303 1.0086855836279238 -4165.5954650509575 -3.8790512796050498e+03 -3584.4298600447923 -840.1139789052419 226.74079922303736   
179 5012 0.07947568117549407 1.0086855836279238 -4165.5954650509575 -3.9390510901738216e+03 -3404.6375680509286 -874.7891144396225 454.3406963579928   
180 5040 0.07942507903123433 1.0086855836279238 -4165.5954650509575 -3.8738942834493314e+03 -3556.0281850819983 503.5709850181244 370.7569156645877   
181 5068 0.07937461022833635 1.0086855836279238 -4165.5954650509575 -3.7831366494844206e+03 -3487.8173464399792 352.20559233793125 366.90482222136006   
182 5096 0.07932428796296125 1.0086855836279238 -4165.5954650509575 -3.8687969787666307e+03 -3574.0783334785096 259.1670377246264 432.30608310508387   
183 5124 0.07927384857443853 1.0086855836279238 -4165.5954650509575 -3.8266019494389466e+03 -3515.1389038690663 -2475.1232727882625 267.0304445920706   
184 5152 0.07922343382806654 1.0086855836279238 -4165.5954650509575 -3.8228411671493577e+03 -3556.7783817666113 -2101.521661991085 231.95213592964137   
185 5180 0.07917301824969623 1.0086855836279238 -4165.5954650509575 -3.9128974639399148e+03 -3627.4462072192523 -430.46558373725526 309.84241095887774   
186 5208 0.07912324855478407 1.0086855836279238 -4165.5954650509575 -3.9796328270032436e+03 -3649.3732387765986 -2371.7556381156533 205.14575107640985   
187 5236 0.07907446781322326 1.0086855836279238 -4165.5954650509575 -3.8629964799767313e+03 -3357.6770123182014 93.58071771147779 522.6601581223122   
188 5264 0.07902588242280399 1.0086855836279238 -4165.5954650509575 -3.9594258042859642e+03 -3626.287721514676 -3291.82255812384 289.85638175770373   
189 5292 0.07897813471786934 1.0086855836279238 -4165.5954650509575 -3.8998971630336382e+03 -3588.5047947734665 -1927.3358146728872 153.23384383130815   
190 5320 0.07893110909071374 1.0104881827223815 -4165.5954650509575 -3.8496196387798277e+03 -3547.795355791371 -3044.8003681222135 421.3907246788608   
191 5348 0.07888385783697609 1.0104881827223815 -4165.5954650509575 -3.9584069524167749e+03 -3574.2345222348936 -1229.9061462953302 447.12198091236996   
192 5376 0.07883717070481192 1.0104881827223815 -4165.5954650509575 -3.9145054641952784e+03 -3554.414383549519 -2929.8952863851277 307.49109385984093   
193 5404 0.07879105903504298 1.0104881827223815 -4165.5954650509575 -3.9925148619552410e+03 -3577.66554321399 -3096.22962151878 306.0557557252646   
194 5432 0.07874503407756357 1.0104881827223815 -4165.5954650509575 -3.8357609099026081e+03 -3584.0557399670784 178.58091179863987 232.84217668802376   
195 5460 0.07869929826913481 1.0104881827223815 -4165.5954650509575 -3.8489415623488112e+03 -3521.291559094878 -457.5495533787412 449.23791083391734   
196 5488 0.0786538319095634 1.0104881827223815 -4165.5954650509575 -3.9053339718293241e+03 -3595.548711917545 272.1617665398697 350.4024371331152   
197 5516 0.07860865986136677 1.0104881827223815 -4165.5954650509575 -3.8771434354254152e+03 -3703.7373535929833 -3294.2852323452316 166.20698872465664   
198 5544 0.07856387536880421 1.0104881827223815 -4165.5954650509575 -3.8805504917887270e+03 -3623.6131569725703 -620.1888082781363 191.3065800383306   
199 5572 0.07851921001175184 1.0104881827223815 -4165.5954650509575 -4.0125649174548857e+03 -3591.93212938079 2.691837051220513 316.38684531062836   
200 5600 0.07847514091365711 1.0104881827223815 -4165.5954650509575 -3.9070204279495979e+03 -3637.9411638474307 -3461.388871174978 236.97715150393105   
201 5628 0.07843114473869536 1.0104881827223815 -4165.5954650509575 -3.9625785280196042e+03 -3652.522898498407 -331.5127227841102 296.2181745393036   
202 5656 0.07838758602816097 1.0104881827223815 -4165.5954650509575 -3.9934978280498431e+03 -3536.8977715084393 562.2968651516763 400.87711760611046   
203 5684 0.07834473287425378 1.0104881827223815 -4165.5954650509575 -4.0001057956516206e+03 -3597.322353820116 79.53853458578209 303.88517850998596   
204 5712 0.07830263523071529 1.0104881827223815 -4165.5954650509575 -3.9925312642113840e+03 -3598.795264050062 595.8225631114753 395.8542205485396   
205 5740 0.07826066781076728 1.0104881827223815 -4165.5954650509575 -4.0644097000956140e+03 -3698.3309804596825 -1549.9850783736592 335.0647958740328   
206 5768 0.07821878084222932 1.0104881827223815 -4165.5954650509575 -3.8782297959303992e+03 -3742.772941382121 -3013.3081460829894 299.8398360471324   
207 5796 0.07817760684535813 1.0104881827223815 -4165.5954650509575 -3.9016679842066515e+03 -3694.6982150289177 -313.18285581926665 382.62731611024765   
208 5824 0.07813651440435443 1.0104881827223815 -4165.5954650509575 -4.0731010028340502e+03 -3557.0733238112125 -2034.3978971337342 285.0333371913166   
209 5852 0.07809542667652793 1.0104881827223815 -4165.5954650509575 -3.9738087218584769e+03 -3596.9478875930527 -3164.642563352999 286.27308930919844   
210 5880 0.07805507348511885 1.0104881827223815 -4165.5954650509575 -3.9228274781834289e+03 -3680.7273327365606 -3252.9235093858415 253.94385313975818   
211 5908 0.0780148707868923 1.0124461780013454 -4165.5954650509575 -3.9834761296726942e+03 -3690.1043790858594 -1324.308253826402 341.01246709749967   
212 5936 0.07797552385871709 1.0124461780013454 -4165.5954650509575 -3.8916286082268184e+03 -3663.4437993376946 -2993.0068859310563 236.74470458895257   
213 5964 0.0779365048382203 1.0124461780013454 -4165.5954650509575 -3.9374027406697069e+03 -3628.6321791164587 -2982.662078742527 281.4837963071868   
214 5992 0.07789771965483173 1.0124461780013454 -4165.5954650509575 -4.0239258447384454e+03 -3709.935033215335 -326.778541520926 419.32571794229125   
215 6020 0.07785907102084498 1.0124461780013454 -4165.5954650509575 -3.9876428860943661e+03 -3758.242057528794 -3191.942386784091 237.62626164112498   
216 6048 0.07782045272033711 1.0124461780013454 -4165.5954650509575 -4.0577129735275289e+03 -3703.2314427137057 -3263.134909543234 183.72088405093882   
217 6076 0.07778224072021678 1.0124461780013454 -4165.5954650509575 -3.9909418885524146e+03 -3691.9455865268496 -3342.122986678885 194.77985009526856   
218 6104 0.07774448282281717 1.0124461780013454 -4165.5954650509575 -4.0328999976637551e+03 -3671.27952461194 -2247.868704845532 231.0987373693879   
219 6132 0.07770695081853969 1.0124461780013454 -4165.5954650509575 -3.9888025833355791e+03 -3771.417423330292 -3271.668644102415 211.51432127791804   
220 6160 0.07766992675380478 1.0124461780013454 -4165.5954650509575 -3.9075805722039013e+03 -3652.5767246678997 -488.12272363758547 254.8996623005546   
221 6188 0.0776339211154637 1.0124461780013454 -4165.5954650509575 -4.0546657253801468e+03 -3590.291651554215 -2471.8777206453274 313.76516154137926   
222 6216 0.07759884748592263 1.0124461780013454 -4165.5954650509575 -3.9686453453138192e+03 -3756.082741296485 -2143.4114627843433 286.3931626250537   
223 6244 0.07756361370119205 1.0124461780013454 -4165.5954650509575 -3.8834984673370532e+03 -3700.408663178909 -2516.5941253403876 167.37143379755253   
224 6272 0.07752877696534084 1.0124461780013454 -4165.5954650509575 -4.0025478243602161e+03 -3734.503708508853 -1088.5999570652966 311.1747576751268   
225 6300 0.077493730332896 1.0124461780013454 -4165.5954650509575 -3.9949447826482519e+03 -3753.385972172206 399.01009418759014 344.4990488868111   
226 6328 0.07745911987024015 1.0124461780013454 -4165.5954650509575 -3.8631439311513009e+03 -3659.2892315747913 425.78923701354404 221.33230012228069   
227 6356 0.07742478056278794 1.0124461780013454 -4165.5954650509575 -3.9644031418659279e+03 -3707.0716736966524 430.79950330160096 305.4996439466581   
228 6384 0.07739144824402394 1.0124461780013454 -4165.5954650509575 -3.8903732664161653e+03 -3695.383024510033 -3358.1975299797546 175.91112223142636   
229 6412 0.07735838102742507 1.0124461780013454 -4165.5954650509575 -4.0287879589753520e+03 -3670.8385822540145 -1649.5873399738914 348.57915245774893   
230 6440 0.07732550084197849 1.0124461780013454 -4165.5954650509575 -3.9047750343610737e+03 -3686.645876290071 -3180.079650741425 193.36871551974127   
231 6468 0.07729284864578846 1.0124461780013454 -4165.5954650509575 -3.8841179791938657e+03 -3689.8348163408955 175.91887925152054 248.98737613117464   
232 6496 0.07726049445766596 1.014585179133825 -4165.5954650509575 -3.9870138832599901e+03 -3671.5571721110473 -3337.8104497037584 193.89546660759106   
233 6524 0.07722845084691644 1.014585179133825 -4165.5954650509575 -3.9146330938532974e+03 -3616.2867211822368 -2161.343855419517 277.56963055891356   
234 6552 0.07719658959113088 1.014585179133825 -4165.5954650509575 -3.8793981345640141e+03 -3656.6853921712564 -3168.0855290558725 211.1134584882493   
235 6580 0.07716495397283026 1.014585179133825 -4165.5954650509575 -3.9858306449846000e+03 -3632.9656043808714 -1488.2362027864172 246.7462250312542   
236 6608 0.0771331135558452 1.014585179133825 -4165.5954650509575 -3.8726350768732032e+03 -3749.9331263441413 -2526.9631248592545 172.8475477838615   
237 6636 0.07710173422702185 1.014585179133825 -4165.5954650509575 -3.8514060204613706e+03 -3628.7032156355112 676.4583900690266 171.85785174750572   
238 6664 0.07707046852234391 1.014585179133825 -4165.5954650509575 -3.8171118287546201e+03 -3645.9815225382345 -938.5293124401163 143.7436313385374   
239 6692 0.07703849333530473 1.014585179133825 -4165.5954650509575 -3.8374705598247510e+03 -3604.721280757774 -377.6617587359008 238.70641510468158   
240 6720 0.07700748265343142 1.014585179133825 -4165.5954650509575 -3.7974819876443867e+03 -3571.8235531881837 599.2050923774133 151.48801494919735   
241 6748 0.07697683153289644 1.014585179133825 -4165.5954650509575 -3.8733269876703093e+03 -3578.763746314875 283.59137063773926 214.08550188592426   
242 6776 0.07694661144359716 1.014585179133825 -4165.5954650509575 -3.9145013875284289e+03 -3651.3863661975 145.67732319104678 298.0290347696132   
243 6804 0.07691668608224776 1.014585179133825 -4165.5954650509575 -3.8859705306378319e+03 -3658.1394521441443 -1373.057610787391 170.95474027930868   
244 6832 0.07688670005083546 1.014585179133825 -4165.5954650509575 -3.8902826968966492e+03 -3641.8665060794256 -586.2116953715799 159.65450334988645   
245 6860 0.0768569532701866 1.014585179133825 -4165.5954650509575 -3.9577745241306234e+03 -3631.468659062212 -315.09527499809064 249.72136222208974   
246 6888 0.07682741633968661 1.014585179133825 -4165.5954650509575 -3.8872274104206440e+03 -3614.6545600757154 -888.0669359559688 227.3919643422032   
247 6916 0.07679873615071757 1.014585179133825 -4165.5954650509575 -3.9569421867578044e+03 -3627.752533754036 469.7419822501957 281.2180450740916   
248 6944 0.07677063297229086 1.014585179133825 -4165.5954650509575 -3.8880187256030281e+03 -3635.2520558594124 -362.22884728250756 196.38510770121047   
249 6972 0.07674287731839981 1.014585179133825 -4165.5954650509575 -3.9692541068226378e+03 -3738.3892411595543 -2235.268845930286 180.8253738456283   
250 7000 0.07671486777465142 1.014585179133825 -4165.5954650509575 -3.8882450534780878e+03 -3619.274739033947 -2319.898358019515 223.883190356697   
251 7028 0.0766872311254302 1.014585179133825 -4165.5954650509575 -3.9116767316876003e+03 -3734.446611588791 504.3844609673068 170.49662127338752   
252 7056 0.07665926211416109 1.014585179133825 -4165.5954650509575 -3.8674727705806267e+03 -3628.4604171351657 -3469.4579050558655 114.96788004082146   
253 7084 0.07663182910850704 1.0168874338134706 -4165.5954650509575 -4.0119043676559841e+03 -3739.1981471476943 381.410556184201 226.33411323039945   
254 7112 0.07660476129312643 1.0168874338134706 -4165.5954650509575 -4.0251853956157101e+03 -3669.336517447182 522.7207177632475 376.3403399342824   
255 7140 0.07657785192965331 1.0168874338134706 -4165.5954650509575 -3.9972691242682508e+03 -3677.9921484348015 -3343.3423980638613 202.30501397094667   
256 7168 0.07655090298420814 1.0168874338134706 -4165.5954650509575 -3.9850085477243679e+03 -3673.1985766688363 110.7821772055716 368.43441137690616   
257 7196 0.07652336723070291 1.0168874338134706 -4165.5954650509575 -3.9451451053623764e+03 -3604.203203072338 400.87739908355354 379.71902587106433   
258 7224 0.07649549986094967 1.0168874338134706 -4165.5954650509575 -3.9692452291089639e+03 -3713.88295285991 477.0291014189444 293.22555205972367   
259 7252 0.07646737473101992 1.0168874338134706 -4165.5954650509575 -3.9586297102567391e+03 -3699.730662919663 -3448.8644261953036 277.7813286359333   
260 7280 0.07643949539786445 1.0168874338134706 -4165.5954650509575 -3.9590900026983691e+03 -3656.9154952884637 -885.4092718244924 225.81059073702272   
261 7308 0.07641155397427192 1.0168874338134706 -4165.5954650509575 -3.9361993384025932e+03 -3736.5019506457447 562.1968330867594 283.1309048383491   
262 7336 0.07638378677011934 1.0168874338134706 -4165.5954650509575 -3.9187075728358923e+03 -3613.5289537558438 -1682.554850163877 301.6013155303026   
263 7364 0.0763566050768644 1.0168874338134706 -4165.5954650509575 -3.9072101056044598e+03 -3678.102318044194 -515.2701407085007 243.800495184561   
264 7392 0.07632929596727345 1.0168874338134706 -4165.5954650509575 -3.8340324287552476e+03 -3608.1122831440102 -2975.359152349656 211.9497354447185   
265 7420 0.07630201946832768 1.0168874338134706 -4165.5954650509575 -3.8859736320482994e+03 -3565.637379289879 -2882.226867622402 328.1104434668414   
266 7448 0.07627504718039511 1.0168874338134706 -4165.5954650509575 -3.9457874027766143e+03 -3636.0864914750528 486.8981048207303 245.0094797038396   
267 7476 0.07624833352407676 1.0168874338134706 -4165.5954650509575 -3.8980276309549831e+03 -3649.673323742934 -2505.1875473546847 246.8617749248665   
268 7504 0.07622230741956978 1.0168874338134706 -4165.5954650509575 -3.9365313516939059e+03 -3624.1565995091046 443.5752362276706 223.78163155198672   
269 7532 0.076196478059826 1.0168874338134706 -4165.5954650509575 -3.9298998710900746e+03 -3665.2102194181093 -21.49944909820602 240.76349507840132   
270 7560 0.07617073921223363 1.0168874338134706 -4165.5954650509575 -3.9116766747176516e+03 -3672.9851246509006 -3142.829730392998 249.22688303958648   
271 7588 0.0761454165154563 1.0168874338134706 -4165.5954650509575 -4.0055981430526258e+03 -3593.549072728207 -1645.1483559138449 326.8395881748911   
272 7616 0.07612021373575445 1.0168874338134706 -4165.5954650509575 -4.0240369169537198e+03 -3582.4548027201317 380.39317335001635 309.1732734052516   
273 7644 0.07609497035532081 1.0168874338134706 -4165.5954650509575 -3.9109954345059914e+03 -3703.6441523609665 259.3237693448578 200.2266168213214   
274 7672 0.0760696682531122 1.019296071662574 -4165.5954650509575 -4.1124638644141942e+03 -3730.893968784261 -2992.876639365717 272.7270375960097   
275 7700 0.07604386615940299 1.019296071662574 -4165.5954650509575 -3.9561561882172323e+03 -3649.2904666030595 -0.968918406158362 353.17705009282736   
276 7728 0.0760182639856592 1.019296071662574 -4165.5954650509575 -3.9089045586778848e+03 -3632.6488735292237 -521.7776276700561 284.23658226757834   
277 7756 0.07599272368631024 1.019296071662574 -4165.5954650509575 -4.0843268924825256e+03 -3658.44585288531 -2539.529053608541 357.1464856284574   
278 7784 0.0759673351401342 1.019296071662574 -4165.5954650509575 -3.9232715958756748e+03 -3703.022739175014 -2744.4763941911688 251.717860087394   
279 7812 0.07594213516497719 1.019296071662574 -4165.5954650509575 -3.9490215876534539e+03 -3646.4175759315463 -1295.3279192974887 221.21994954788806   
280 7840 0.07591691316651375 1.019296071662574 -4165.5954650509575 -3.9243291590496269e+03 -3724.1344936141595 357.4108294695208 211.54418604451848   
281 7868 0.07589216279216433 1.019296071662574 -4165.5954650509575 -4.0052555390575149e+03 -3722.111653322274 -602.8618613240812 345.6696366454362   
282 7896 0.07586758881818276 1.019296071662574 -4165.5954650509575 -4.0575935323155850e+03 -3693.1035987946175 -3472.691781216798 302.6227726008783   
283 7924 0.07584245129319876 1.019296071662574 -4165.5954650509575 -3.9076360264189443e+03 -3677.353309339198 -3053.7326348877923 217.01136226000017   
284 7952 0.0758170336021536 1.019296071662574 -4165.5954650509575 -3.9208019724178712e+03 -3678.29863453279 -1460.3607697018708 311.74552463152895   
285 7980 0.07579217635818772 1.019296071662574 -4165.5954650509575 -3.9471470368262708e+03 -3661.3731584698558 -2042.5466500315258 305.87621396594477   
286 8008 0.07576766001711367 1.019296071662574 -4165.5954650509575 -4.0712869088413131e+03 -3668.4897399656193 15.321680554525765 303.87643410723285   
287 8036 0.07574327044390444 1.019296071662574 -4165.5954650509575 -3.9593252449832025e+03 -3612.2497943090048 -452.9571994774892 260.4797798383288   
288 8064 0.07571933742303572 1.019296071662574 -4165.5954650509575 -3.9867737185939177e+03 -3683.988802766941 -2264.3774266955274 256.7300235272901   
289 8092 0.07569484516933306 1.019296071662574 -4165.5954650509575 -3.9894856075648640e+03 -3645.470093186569 -590.485168501519 294.31718761108414   
290 8120 0.07567029588965758 1.019296071662574 -4165.5954650509575 -4.0418358225266170e+03 -3703.0111096724377 -1461.5553040978361 217.38274385459727   
291 8148 0.0756460426530741 1.019296071662574 -4165.5954650509575 -3.9480484918323041e+03 -3684.596844938355 -1451.9478103121612 209.03593861559966   
292 8176 0.07562161032522155 1.019296071662574 -4165.5954650509575 -4.0150775097055830e+03 -3611.2383546486553 -3326.0425400556337 198.78057245275932   
293 8204 0.07559682473755244 1.019296071662574 -4165.5954650509575 -3.9274788140611317e+03 -3607.4819559048055 -161.8846194665219 332.9045804595453   
294 8232 0.07557266707132243 1.019296071662574 -4165.5954650509575 -3.9569701550986370e+03 -3637.604482433251 -2855.920914570391 241.5572675717176   
295 8260 0.07554912832781527 1.0217934257712449 -4165.5954650509575 -3.9174636434540948e+03 -3657.1469819792374 -3181.2763971365134 271.69810794406203   
296 8288 0.07552583636906941 1.0217934257712449 -4165.5954650509575 -3.9366201927371480e+03 -3572.5551362764345 -2313.1418877933247 436.15457583936313   
297 8316 0.0755030826010159 1.0217934257712449 -4165.5954650509575 -3.9260764662152906e+03 -3656.342707504335 -2470.166904948437 307.6621893965803   
298 8344 0.0754800458354913 1.0217934257712449 -4165.5954650509575 -4.0390241827270452e+03 -3639.736754656785 -1551.9788918701825 411.41725518591556   
299 8372 0.07545716308540332 1.0217934257712449 -4165.5954650509575 -4.0715058631363181e+03 -3691.46443296226 -1073.7734218691182 238.37599620205083   
300 8400 0.07543455127568117 1.0217934257712449 -4165.5954650509575 -3.9034648243994543e+03 -3706.751573275167 -3348.1637938033473 191.1142241666721   
